00000049 00007398
00000049 00007400
00000049 00007401
00000049 00007402
00000049 00007403
00000049 00007404
00000049 00007405
00000049 00007406
00000049 00007407
00000049 00007408
00000049 00007409
00000049 00007410
00000049 00007411
00000049 00007412
00000049 00007413
00000049 00007414
00000049 00007415
00000049 00007416
00000049 00007417
00000049 00007418
00000049 00007419
00000049 00007420
00000049 00007421
00000049 00007422
00000049 00007424
00000049 00007425
00000049 00007426
00000049 00007427
00000049 00007428
00000049 00007429
00000049 00007430
00000049 00007431
00000049 00007432
00000049 00007433
00000049 00007434
00000049 00007435
00000049 00007436
00000049 00007438
00000049 00007439
00000049 00007440
00000049 00007441
00000049 00007442
00000049 00007452
00000049 00007456
00000049 00007457
00000049 00007458
00000049 00007461
00000049 00007462
00000049 00007463
00000049 00007464
00000049 00007465
00000049 00007466
00000049 00007467
00000049 00007468
00000049 00007469
00000049 00007470
00000049 00007471
00000049 00007472
00000049 00007473
00000049 00007474
00000049 00007476
00000049 00007477
00000049 00007479
00000049 00007480
00000049 00007481
00000049 00007482
00000049 00007483
00000049 00007484
00000049 00007485
00000049 00007486
00000049 00007487
00000049 00007488
00000049 00007489
00000049 00007490
00000049 00007491
00000049 00007492
00000049 00007494
00000049 00007495
00000049 00007503
00000049 00007504
00000049 00007507
00000049 00007508
00000049 00007513
00000049 00007514
00000049 00007515
00000049 00007516
00000049 00007517
00000049 00007518
00000049 00007519
00000049 00007520
00000049 00007521
00000049 00007522
00000049 00007523
00000049 00007529
00000049 00007531
00000049 00007532
00000049 00007533
00000049 00007534
00000049 00007535
00000049 00007536
00000049 00007537
00000049 00007538
00000049 00007539
00000049 00007540
00000049 00007541
00000049 00007542
00000049 00007543
00000049 00007544
00000049 00007545
00000049 00007546
00000049 00007547
00000049 00007548
00000049 00007549
00000049 00007550
00000049 00007551
00000049 00007552
00000049 00007553
00000049 00007554
00000049 00007555
00000049 00007556
00000049 00007559
00000049 00007560
00000049 00007561
00000049 00007562
00000049 00007563
00000049 00007564
00000049 00007565
